20251119000 000000001 0007119
20251119000 000000105 0007458
20251119000 000000107 0007458
20251119000 000000109 0007119
20251119000 000000125 0007458
20251119000 000000013 0007458
20251119000 000000130 0007119
20251113000 000000134 0001356
20251119000 000000014 0007458
20251119000 000000140 0006441
20251024000 000000144 0000678
20251119000 000000149 0007458
20251119000 000000151 0007458
20251119000 000000158 0007458
20251119000 000000166 0007458
20251119000 000000171 0007119
20251119000 000000175 0007458
20251119000 000000188 0007458
20251119000 000000189 0007458
20251119000 000000190 0007458
20251119000 000000192 0007119
20251119000 000000196 0004068
20251119000 000000198 0006780
20251119000 000000002 0007458
20251119000 000000020 0007458
20251119000 000000211 0004068
20251119000 000000214 0007458
20251119000 000000215 0007458
20251119000 000000226 0004746
20251119000 000000227 0007458
20251119000 000000234 0007458
20251119000 000000235 0007458
20251119000 000000236 0004746
20251031000 000000237 0000339
20251119000 000000244 0007458
20251119000 000000249 0007458
20251119000 000000251 0005085
20251119000 000000252 0007458
20251119000 000000261 0007458
20251119000 000000263 0006102
20251119000 000000269 0006102
20251119000 000000274 0007458
20251119000 000000276 0007119
20251119000 000000284 0007458
20251119000 000000287 0007458
20251119000 000000291 0007458
20251119000 000000292 0007458
20251119000 000000297 0006780
20251119000 000000299 0002373
20251119000 000000300 0007458
20251119000 000000301 0007458
20251107000 000000302 0000678
20251119000 000000303 0004068
20251119000 000000305 0007458
20251118000 000000306 0002373
20251119000 000000307 0004068
20251119000 000000308 0006441
20251119000 000000309 0007458
20251119000 000000310 0007458
20251119000 000000312 0007119
20251119000 000000313 0007458
20251119000 000000319 0006102
20251119000 000000321 0006780
20251119000 000000322 0002373
20251119000 000000325 0007458
20251119000 000000326 0006441
20251104000 000000327 0001356
20251119000 000000328 0007458
20251119000 000000329 0006780
20251119000 000000330 0007458
20251119000 000000331 0006780
20251119000 000000332 0006441
20251119000 000000333 0007458
20251119000 000000335 0009153
20251119000 000000336 0007458
20251119000 000000339 0007458
20251119000 000000343 0007458
20251119000 000000345 0007458
20251119000 000000347 0007458
20251119000 000000348 0006441
20251119000 000000350 0004746
20251118000 000000351 0000339
20251119000 000000356 0007119
20251119000 000000362 0007458
20251119000 000000365 0006780
20251119000 000000366 0007119
20251119000 000000368 0006441
20251119000 000000369 0007458
20251119000 000000373 0007458
20251119000 000000376 0006441
20251119000 000000378 0006102
20251119000 000000379 0006780
20251119000 000000380 0006441
20251119000 000000381 0004068
20251119000 000000382 0007458
20251119000 000000383 0007458
20251119000 000000384 0007458
20251119000 000000387 0007458
20251119000 000000390 0006441
20251119000 000000391 0007458
20251119000 000000392 0007458
20251119000 000000394 0007458
20251119000 000000396 0003051
20251119000 000000399 0007458
20251119000 000000400 0007458
20251119000 000000401 0007458
20251119000 000000402 0007458
20251119000 000000403 0007458
20251028000 000000404 0002034
20251119000 000000405 0006102
20251119000 000000406 0007458
20251119000 000000408 0007458
20251119000 000000409 0005424
20251119000 000000041 0007458
20251119000 000000410 0007458
20251104000 000000412 0003051
20251119000 000000413 0007458
20251119000 000000415 0007458
20251119000 000000417 0007458
20251119000 000000418 0006441
20251030000 000000421 0000339
20251119000 000000422 0007458
20251119000 000000423 0007119
20251104000 000000425 0003390
20251119000 000000426 0007458
20251119000 000000427 0006102
20251119000 000000428 0006780
20251119000 000000429 0007458
20251119000 000000043 0007119
20251119000 000000430 0007458
20251119000 000000431 0007458
20251119000 000000433 0007458
20251119000 000000434 0007119
20251119000 000000435 0007458
20251119000 000000436 0007458
20251119000 000000437 0007458
20251119000 000000438 0007458
20251119000 000000440 0006441
20251119000 000000441 0007458
20251119000 000000442 0006780
20251119000 000000443 0007458
20251119000 000000444 0007458
20251119000 000000445 0007119
20251119000 000000446 0004407
20251119000 000000447 0004407
20251119000 000000448 0001695
20251119000 000000449 0001695
20251119000 000000450 0001356
20251119000 000000451 0001356
20251119000 000000452 0001017
20251119000 000000005 0007119
20251119000 000005025 0007458
20251119000 000005026 0007458
20251119000 000005027 0007119
20251119000 000005028 0002034
20251119000 000000060 0007458
20251119000 000000061 0007458
20251119000 000000066 0005424
20251119000 000000089 0006780